218
855
765
931
987
482
607
593
275
398
525
682
310
981
401
187
851
281
526
72
557
206
169
980
649
561
889
515
451
641
208
492
885
828
507
735
833
920
617
906
209
250
907
544
743
431
847
657
40
675
724
332
565
921
303
246
719
822
35
172
399
403
82
44
411
153
221
831
559
899
563
632
85
317
737
129
740
232
128
496
117
773
934
872
881
455
963
781
957
297
853
331
474
16
130
924
276
134
227
475
23
908
150
808
503
307
70
479
731
486
266
859
915
691
673
923
898
615
669
912
572
552
635
199
659
81
871
995
273
277
838
253
545
321
437
279
302
118
892
452
998
175
372
867
690
213
120
49
212
630
148
190
235
261
716
535
634
677
648
566
259
438
664
994
436
167
817
958
289
533
626
309
194
694
862
382
706
211
389
64
905
939
631
857
362
305
294
73
179
263
888
780
186
108
678
618
786
832
34
137
367
836
219
697
228
637
14
230
844
274
238
377
747
608
942
596
404
329
146
973
119
319
334
959
262
132
512
207
392
141
347
90
122
797
174
769
30
834
299
760
446
674
366
110
647
699
381
453
93
405
829
592
598
700
570
774
890
264
914
435
345
584
181
495
902
813
983
315
448
111
425
891
961
316
554
210
323
818
115
950
125
98
663
499
234
258
633
295
84
245
369
466
646
548
413
928
216
541
972
251
662
163
964
349
440
10
429
231
752
782
144
296
48
707
779
159
27
929
442
611
426
880
256
423
456
842
778
2
775
670
397
558
761
982
932
417
173
883
197
848
918
243
222
764
949
467
986
609
944
46
341
217
87
354
714
858
328
798
504
536
505
803
594
283
639
252
946
244
337
800
291
406
386
910
409
850
306
692
147
916
99
754
47
794
66
878
378
391
491
393
676
257
371
721
364
506
640
387
50
689
947
757
76
962
575
102
531
712
927
483
116
904
644
91
368
984
57
254
518
500
26
326
124
113
777
105
441
509
955
510
205
884
343
656
522
18
529
242
784
792
6
753
665
447
589
886
991
95
511
312
619
684
933
54
685
755
577
616
469
629
873
652
135
624
267
590
304
783
978
224
32
776
67
854
359
528
762
926
182
816
843
318
269
193
157
138
357
69
433
25
913
170
427
171
653
819
621
802
188
516
478
686
787
412
247
704
569
468
605
705
937
610
811
532
866
335
869
895
823
744
860
68
547
988
104
80
298
430
717
139
379
501
156
687
728
13
284
580
490
661
65
290
967
424
852
498
925
86
106
801
131
133
200
461
363
763
841
293
810
727
550
311
325
388
189
900
588
826
180
821
145
672
710
620
524
39
215
537
793
970
726
339
971
825
353
711
824
591
790
100
530
935
385
863
514
643
365
820
416
868
997
88
287
876
519
587
534
28
756
480
709
114
330
178
394
78
702
240
911
214
840
203
77
313
723
571
322
477
282
63
556
543
1
693
462
804
739
196
185
576
807
732
960
126
830
668
722
55
355
795
952
660
484
758
485
487
472
856
770
1000
720
940
713
901
340
488
59
52
502
974
149
791
788
845
751
160
650
966
351
945
241
742
53
408
874
977
165
107
613
127
112
999
370
51
101
320
750
715
421
449
444
300
642
162
683
97
195
348
749
226
953
827
796
152
89
627
922
989
849
237
374
767
121
882
38
741
654
155
151
600
938
494
948
96
56
951
493
233
142
601
513
168
191
20
701
655
623
418
538
271
903
968
473
184
539
636
177
288
603
383
375
595
183
560
350
176
376
414
432
346
15
864
22
943
58
785
460
546
249
324
837
766
877
520
396
361
551
725
976
314
164
861
993
941
579
748
450
79
265
390
555
990
583
136
806
285
688
272
894
638
280
422
5
567
443
471
45
225
658
729
457
223
465
278
549
965
19
736
839
402
521
439
434
21
574
236
568
734
380
909
606
746
645
31
772
799
708
745
897
459
94
161
628
17
4
893
481
738
564
936
622
204
969
260
696
395
917
887
540
270
24
74
489
62
109
342
581
805
308
671
695
42
463
255
730
454
681
809
143
527
703
33
497
83
614
201
768
814
333
373
92
192
733
8
992
602
812
896
445
586
154
578
759
336
458
835
604
789
428
420
7
508
470
975
229
517
679
680
327
585
597
356
419
612
415
985
75
358
954
71
41
667
37
198
202
815
979
248
43
666
12
625
140
599
476
573
542
36
352
870
879
919
301
158
698
29
865
103
464
60
360
996
11
286
651
268
930
562
875
123
582
407
61
220
292
166
771
3
553
846
410
523
344
9
718
338
239
400
956
384